36 up 120 240 120 233 18 2
 up 120 233 118 226 8 2
 left 118 226 122 221 2 2
 left 122 221 129 217 1 0
 left 122 221 125 216 1 2
 left 125 216 132 212 1 0
 up 125 216 128 210 1 0
 left 118 226 122 221 5 2
 left 122 221 126 215 2 1
 left 126 215 130 209 2 1
 left 130 209 134 208 1 1
 left 134 208 137 204 1 1
 left 137 204 142 202 1 0
 left 122 221 127 220 2 2
 left 127 220 132 217 1 0
 left 127 220 130 217 1 1
 left 130 217 134 215 1 0
 up 120 233 118 226 9 2
 left 118 226 122 221 4 2
 left 122 221 128 219 3 2
 left 128 219 134 215 1 1
 left 134 215 139 209 1 0
 left 128 219 132 218 1 2
 left 132 218 139 215 1 0
 left 132 218 135 214 1 0
 left 122 221 129 220 1 0
 left 118 226 122 221 5 2
 up 122 221 121 213 3 2
 up 121 213 123 209 1 1
 up 123 209 122 204 1 0
 left 121 213 127 207 1 2
 left 127 207 131 201 1 0
 left 127 207 134 204 1 0
 left 122 221 125 218 1 1
 left 125 218 131 216 1 1
 left 131 216 133 213 1 0
