<<<<<<< HEAD
4 up 120 240 120 235 2 2
 up 120 235 120 231 1 1
 up 120 231 119 227 1 0
 right 120 235 116 230 1 0
=======
34 up 120 240 118 233 17 2
 up 118 233 117 226 9 2
 up 117 226 119 220 4 2
 left 119 220 123 218 2 2
 left 123 218 127 211 1 1
 left 127 211 131 210 1 0
 left 123 218 127 218 1 0
 left 119 220 123 218 1 1
 left 123 218 127 211 1 1
 left 127 211 131 210 1 0
 up 117 226 119 220 4 2
 left 119 220 123 218 2 1
 left 123 218 127 211 1 2
 left 127 211 131 210 1 0
 left 127 211 130 208 1 0
 left 119 220 123 218 2 2
 left 123 218 127 211 1 1
 left 127 211 131 210 1 0
 left 123 218 127 218 1 0
 up 118 233 117 226 7 2
 up 117 226 119 220 3 2
 left 119 220 123 218 1 1
 left 123 218 127 211 1 1
 left 127 211 131 210 1 0
 left 119 220 123 218 1 1
 left 123 218 127 211 1 1
 left 127 211 131 210 1 0
 up 117 226 119 220 3 2
 left 119 220 123 218 1 1
 left 123 218 127 211 1 1
 left 127 211 131 210 1 0
 left 119 220 123 218 1 1
 left 123 218 127 211 1 1
 left 127 211 131 210 1 0
>>>>>>> SecondB
